0.1472
0.11446
0.001797
0.14366
0.089885
0.13192
0.15064
0.16095
0.0058311
0.15596
0.11347
0.015223
0.050324
0.026691
0.11289
0.1082
0.013784
0.19769
0.050219
0.063095
0.060131
0.0084078
0.10558
0.051204
0.081742
0.1895
0.18386
0.024249
0.11839
0.071931
0.14386
0.10471
0.05217
0.098618
0.17117
0.14488
0.039821
0.031454
0.074086
0.17243
0.13692
0.1268
0.02823
0.015821
0.17515
0.084031
0.09749
0.092056
0.10318
0.054513
0.046523
0.18042
0.18247
0.12154
0.073896
0.12084
0.1349
0.18012
0.017913
0.1078
0.084795
0.12103
0.10777
0.040476
0.015192
-0.004518
0.0039313
0.054022
0.14233
0.058831
0.11844
0.20059
0.14119
0.13039
0.075135
0.20454
0.25599
0.2626
0.20436
0.21918
0.27445
0.13733
0.077974
0.10715
-0.00011307
-0.012498
-0.12154
-0.12836
-0.19632
-0.23047
-0.23432
-0.22141
-0.17653
-0.11312
0.11259
0.084484
0.29737
0.54652
0.54678
0.86767
1.1484
0.99449
1.2836
0.6058
0.6342
0.35293
0.1853
-0.16902
-0.39711
-0.7113
-0.81038
-0.99187
-1.2107
-0.95777
-1.311
-1.0288
-0.55695
-0.26652
0.081332
0.47686
0.64672
1.4919
1.4778
0.95477
1.9598
1.3645
0.81117
0.67008
0.9697
0.49074
0.056661
-0.23274
-0.4497
-0.64273
-0.60436
-0.80464
-0.67354
-0.62353
-0.51405
-0.29582
-0.17176
-0.019855
0.16185
0.29755
0.26828
0.58893
0.57678
0.40521
0.58678
0.37462
0.20131
0.31494
0.15657
0.064724
0.16073
-0.01189
0.030281
0.089239
0.041989
0.044244
0.033098
0.064248
0.13777
0.055188
0.037113
0.08327
0.05902
0.097853
0.13791
0.11912
0.087421
0.18677
0.066795
0.085367
0.10744
0.013943
0.047045
0.023697
0.019305
0.17685
0.005933
0.16651
0.10052
0.022178
0.097517
0.11946
0.01786
0.19547
0.13055
0.092236
0.1728
0.052615
0.16487
0.065844
0.18832
0.048851
0.19146
0.10218
0.11293
0.19875
0.1542
0.06276
0.011573
0.0088133
0.16259
0.082413
0.076831
0.10462
0.17843
0.081184
0.12088
0.018961
0.067196
0.028968
0.048976
0.075794
0.054064
0.04312
0.12675
0.15994
0.041703
0.17925
0.14914
0.10728
0.19399
0.11298
0.043538
0.17155
0.1724
0.06266
0.065397
0.168
0.098507
0.01038
0.1556
0.085334
0.055992
